image_xscale = 0.8533334
image_yscale = 0.4137931
save_game()
